{"cells":[{"cell_type":"markdown","id":"4bc248f0","metadata":{},"source":["## Feature Selection"]},{"cell_type":"code","execution_count":1,"id":"e120a69e","metadata":{},"outputs":[],"source":["# Import\n","from pyspark.sql import SparkSession\n","from pyspark.sql import functions as F\n","from pyspark.sql.functions import *\n","from pyspark.sql.types import *\n","from pyspark.ml.feature import VectorAssembler\n","from pyspark.ml.stat import Correlation\n","from pyspark.ml.linalg import Vectors"]},{"cell_type":"code","execution_count":2,"id":"0c760dad","metadata":{},"outputs":[],"source":["# Path\n","zone_lookup = \"hdfs://10.128.0.59:8020/raw_data/updated_zone_lookup.csv\"\n","fact_trip = \"hdfs://10.128.0.59:8020/data_warehouse/fact_trip\"\n","dim_vendor = \"hdfs://10.128.0.59:8020/data_warehouse/dim_vendor\"\n","dim_datetime = \"hdfs://10.128.0.59:8020/data_warehouse/dim_datetime\"\n","dim_rate_code = \"hdfs://10.128.0.59:8020/data_warehouse/dim_rate_code\"\n","dim_pickup_location = \"hdfs://10.128.0.59:8020/data_warehouse/dim_pickup_location\"\n","dim_dropoff_location = \"hdfs://10.128.0.59:8020/data_warehouse/dim_dropoff_location\"\n","dim_payment = \"hdfs://10.128.0.59:8020/data_warehouse/dim_payment\""]},{"cell_type":"code","execution_count":3,"id":"d3089701","metadata":{},"outputs":[{"name":"stderr","output_type":"stream","text":["24/12/29 04:30:30 WARN SparkSession: Using an existing Spark session; only runtime SQL configurations will take effect.\n"]}],"source":["# Starting SparkSession\n","spark = SparkSession.builder \\\n","    .appName(\"Feature Selection\") \\\n","    .getOrCreate()"]},{"cell_type":"code","execution_count":4,"id":"6e9cbdeb","metadata":{},"outputs":[{"name":"stderr","output_type":"stream","text":["                                                                                \r"]},{"name":"stdout","output_type":"stream","text":["root\n"," |-- trip_id: long (nullable = true)\n"," |-- vendor_id: long (nullable = true)\n"," |-- pu_location_id: long (nullable = true)\n"," |-- do_location_id: long (nullable = true)\n"," |-- ratecode_id: long (nullable = true)\n"," |-- payment_id: long (nullable = true)\n"," |-- passenger_count: long (nullable = true)\n"," |-- trip_distance: double (nullable = true)\n"," |-- fare_amount: double (nullable = true)\n"," |-- extra: double (nullable = true)\n"," |-- mta_tax: double (nullable = true)\n"," |-- tip_amount: double (nullable = true)\n"," |-- tolls_amount: double (nullable = true)\n"," |-- total_amount: double (nullable = true)\n"," |-- pick_hour: double (nullable = true)\n"," |-- pick_weekday_id: integer (nullable = true)\n"," |-- drop_hour: double (nullable = true)\n"," |-- drop_weekday_id: integer (nullable = true)\n","\n"]}],"source":["df_fact = spark.read \\\n","    .format(\"parquet\") \\\n","    .option(\"path\", fact_trip) \\\n","    .load()\n","\n","df_datetime = spark.read \\\n","    .format(\"parquet\") \\\n","    .option(\"path\", dim_datetime) \\\n","    .load() \\\n","    .select(\n","        \"datetime_id\",\n","        \"pick_hour\",\n","        \"pick_weekday_id\",\n","        \"drop_hour\",\n","        \"drop_weekday_id\"\n","    )\n","\n","df_joined = df_fact \\\n","    .join(df_datetime,\n","          df_fact.datetimestamp_id == df_datetime.datetime_id, \"inner\") \\\n","    .drop(\"datetimestamp_id\", \"datetime_id\")\n","\n","df_joined.printSchema()"]},{"cell_type":"code","execution_count":5,"id":"9a0d7fe5","metadata":{},"outputs":[],"source":["# Candidate Columns\n","selected_columns = [\n","    \"vendor_id\",\n","    \"pu_location_id\",\n","    \"do_location_id\",\n","    \"ratecode_id\",\n","    \"payment_id\",\n","    \"passenger_count\",\n","    \"trip_distance\",\n","    \"fare_amount\",\n","    \"extra\",\n","    \"mta_tax\",\n","    \"tip_amount\",\n","    \"tolls_amount\",\n","    \"pick_hour\",\n","    \"pick_weekday_id\",\n","    \"drop_hour\",\n","    \"drop_weekday_id\"\n","]\n","\n","# Create VectorAssembler\n","assembler = VectorAssembler(\n","    inputCols=selected_columns,\n","    outputCol=\"features\"\n",")\n","\n","data_transformed = assembler.transform(df_joined)"]},{"cell_type":"code","execution_count":6,"id":"ae967d3d","metadata":{},"outputs":[{"name":"stderr","output_type":"stream","text":["                                                                                \r"]}],"source":["# Calculate Correlation Matrix\n","correlation_data = data_transformed \\\n","    .select(\"features\", \"total_amount\") \\\n","    .rdd.map(\n","        lambda row: (Vectors.dense(row[\"features\"]), row[\"total_amount\"])\n","    )\n","\n","correlation_matrix = Correlation.corr(data_transformed, \"features\").head()[0]"]},{"cell_type":"code","execution_count":7,"id":"214dbe62","metadata":{},"outputs":[{"name":"stdout","output_type":"stream","text":["Correlation Matrix:\n"," DenseMatrix([[ 1.00000000e+00, -1.12586140e-02, -5.43222565e-03,\n","              -2.75311440e-02, -3.90845551e-02,  2.19539365e-01,\n","              -6.83620222e-04,  2.35051692e-03, -2.41183647e-01,\n","              -2.56260811e-02,  5.44782393e-04,  1.74531049e-02,\n","               1.01276146e-02,  9.96225826e-04,  1.10144255e-02,\n","               1.17125830e-03],\n","             [-1.12586140e-02,  1.00000000e+00,  9.73711081e-02,\n","              -1.78964300e-02, -1.22525009e-02, -8.48152757e-03,\n","              -1.24612028e-04, -6.92467668e-03,  4.13715730e-03,\n","               3.64392619e-03, -2.56773549e-04, -4.14928555e-02,\n","               7.65160508e-04,  1.18298441e-04,  8.57771155e-04,\n","               1.12474329e-04],\n","             [-5.43222565e-03,  9.73711081e-02,  1.00000000e+00,\n","              -1.30290551e-02, -1.35494608e-02, -6.74468988e-03,\n","              -1.12744970e-04, -7.38824213e-03,  5.35659787e-03,\n","               2.59881299e-02, -4.92959767e-04, -4.37570258e-02,\n","               7.24434371e-04,  2.00041472e-04,  8.57361575e-04,\n","               2.06583045e-04],\n","             [-2.75311440e-02, -1.78964300e-02, -1.30290551e-02,\n","               1.00000000e+00, -1.68281648e-02, -1.19667836e-02,\n","               7.12582321e-04,  8.83026362e-03, -1.55148481e-02,\n","              -3.36366792e-02,  1.38836896e-04,  6.04595186e-02,\n","               2.42432268e-03,  2.55820599e-04,  2.53353537e-03,\n","               2.64557196e-04],\n","             [-3.90845551e-02, -1.22525009e-02, -1.35494608e-02,\n","              -1.68281648e-02,  1.00000000e+00,  2.19897123e-02,\n","               3.97589012e-04, -5.09230017e-03, -7.05514459e-02,\n","              -1.35283564e-01, -4.76358074e-03, -3.62559987e-02,\n","              -5.17904839e-03, -4.77055779e-04, -5.66092830e-03,\n","              -5.35031051e-04],\n","             [ 2.19539365e-01, -8.48152757e-03, -6.74468988e-03,\n","              -1.19667836e-02,  2.19897123e-02,  1.00000000e+00,\n","              -1.49516439e-04,  9.26707088e-04, -6.05732749e-02,\n","               3.58001927e-03, -1.56042820e-04,  9.78857307e-03,\n","              -2.45702607e-03, -3.36700698e-04, -2.64701346e-03,\n","              -3.18253066e-04],\n","             [-6.83620222e-04, -1.24612028e-04, -1.12744970e-04,\n","               7.12582321e-04,  3.97589012e-04, -1.49516439e-04,\n","               1.00000000e+00,  6.86811455e-04, -5.80303902e-05,\n","              -1.54634056e-04,  4.29846285e-06,  6.13020377e-04,\n","              -3.15652186e-06,  2.69510530e-05,  1.56059658e-05,\n","               2.71611803e-05],\n","             [ 2.35051692e-03, -6.92467668e-03, -7.38824213e-03,\n","               8.83026362e-03, -5.09230017e-03,  9.26707088e-04,\n","               6.86811455e-04,  1.00000000e+00,  8.51486727e-03,\n","              -4.32140201e-03,  4.97990540e-04,  4.90503028e-02,\n","               2.75475657e-04,  1.42506015e-04,  2.96975020e-04,\n","               1.44096089e-04],\n","             [-2.41183647e-01,  4.13715730e-03,  5.35659787e-03,\n","              -1.55148481e-02, -7.05514459e-02, -6.05732749e-02,\n","              -5.80303902e-05,  8.51486727e-03,  1.00000000e+00,\n","               5.99664960e-02,  1.20487296e-03,  5.89655033e-02,\n","               1.78302240e-02,  2.08474070e-03,  1.92093689e-02,\n","               2.18593500e-03],\n","             [-2.56260811e-02,  3.64392619e-03,  2.59881299e-02,\n","              -3.36366792e-02, -1.35283564e-01,  3.58001927e-03,\n","              -1.54634056e-04, -4.32140201e-03,  5.99664960e-02,\n","               1.00000000e+00, -6.18473518e-04, -1.61995707e-01,\n","              -2.55699057e-03, -3.11232801e-04, -2.68582065e-03,\n","              -3.20652492e-04],\n","             [ 5.44782393e-04, -2.56773549e-04, -4.92959767e-04,\n","               1.38836896e-04, -4.76358074e-03, -1.56042820e-04,\n","               4.29846285e-06,  4.97990540e-04,  1.20487296e-03,\n","              -6.18473518e-04,  1.00000000e+00,  3.87620740e-03,\n","               9.05697779e-05,  3.85907753e-05,  9.71390640e-05,\n","               3.91015151e-05],\n","             [ 1.74531049e-02, -4.14928555e-02, -4.37570258e-02,\n","               6.04595186e-02, -3.62559987e-02,  9.78857307e-03,\n","               6.13020377e-04,  4.90503028e-02,  5.89655033e-02,\n","              -1.61995707e-01,  3.87620740e-03,  1.00000000e+00,\n","               1.52715036e-03,  1.03718357e-04,  1.64266590e-03,\n","               1.14431580e-04],\n","             [ 1.01276146e-02,  7.65160508e-04,  7.24434371e-04,\n","               2.42432268e-03, -5.17904839e-03, -2.45702607e-03,\n","              -3.15652186e-06,  2.75475657e-04,  1.78302240e-02,\n","              -2.55699057e-03,  9.05697779e-05,  1.52715036e-03,\n","               1.00000000e+00,  2.50027766e-02,  9.33216453e-01,\n","               2.44926873e-02],\n","             [ 9.96225826e-04,  1.18298441e-04,  2.00041472e-04,\n","               2.55820599e-04, -4.77055779e-04, -3.36700698e-04,\n","               2.69510530e-05,  1.42506015e-04,  2.08474070e-03,\n","              -3.11232801e-04,  3.85907753e-05,  1.03718357e-04,\n","               2.50027766e-02,  1.00000000e+00,  1.54821679e-02,\n","               9.98518611e-01],\n","             [ 1.10144255e-02,  8.57771155e-04,  8.57361575e-04,\n","               2.53353537e-03, -5.66092830e-03, -2.64701346e-03,\n","               1.56059658e-05,  2.96975020e-04,  1.92093689e-02,\n","              -2.68582065e-03,  9.71390640e-05,  1.64266590e-03,\n","               9.33216453e-01,  1.54821679e-02,  1.00000000e+00,\n","               1.62164260e-02],\n","             [ 1.17125830e-03,  1.12474329e-04,  2.06583045e-04,\n","               2.64557196e-04, -5.35031051e-04, -3.18253066e-04,\n","               2.71611803e-05,  1.44096089e-04,  2.18593500e-03,\n","              -3.20652492e-04,  3.91015151e-05,  1.14431580e-04,\n","               2.44926873e-02,  9.98518611e-01,  1.62164260e-02,\n","               1.00000000e+00]])\n"]}],"source":["print(\"Correlation Matrix:\\n\", correlation_matrix)"]},{"cell_type":"code","execution_count":8,"id":"9117c8cd","metadata":{},"outputs":[],"source":["spark.stop()"]},{"cell_type":"markdown","id":"2fc54481","metadata":{},"source":["### Result Features\n","\n","- "]}],"metadata":{"kernelspec":{"display_name":"PySpark","language":"python","name":"pyspark"},"language_info":{"codemirror_mode":{"name":"ipython","version":3},"file_extension":".py","mimetype":"text/x-python","name":"python","nbconvert_exporter":"python","pygments_lexer":"ipython3","version":"3.11.8"}},"nbformat":4,"nbformat_minor":5}